City,1,2,3,4,5,6
BeiJing,0,2275.6,1084,3301,954,2100
Shenzhen,2275.6,0,1215,1698,2082,2873
ShangHai,1084,1215,0,2886,868,1765
Bangkok,3301,1698,2886,0,3654,4620
Seoul,954,2082,868,3654,0,1160
Tykyo,2100,2873,1765,4620,1160,0
,,,,,,
,,,,,,
,,,,,,
,,,,,,
,,,,,,
